0,5.869500637054443,0.19096443057060242,-3.025799036026001,0.7418407201766968,0.3330927789211273,0.5819979310035706,0.6154067516326904,0.006564956624060869,-0.7881823182106018,0.2663586437702179,-0.9428711533546448,0.20011739432811737
1,5.864468574523926,0.19404645264148712,-3.0463082790374756,0.747840166091919,0.3225574195384979,0.5802516341209412,0.6122689247131348,0.0027702017687261105,-0.7906447649002075,0.25663572549819946,-0.9465458393096924,0.19542023539543152
2,5.859305381774902,0.1967322677373886,-3.067185163497925,0.7563164234161377,0.3090979754924774,0.5765795111656189,0.6062235236167908,0.00017321592895314097,-0.7952942252159119,0.2459237277507782,-0.9510301351547241,0.18725146353244781
3,5.853704929351807,0.19972997903823853,-3.0895144939422607,0.7670143246650696,0.29565322399139404,0.5694542527198792,0.5969309210777283,-0.00334722432307899,-0.8022856116294861,0.2352922409772873,-0.9552894830703735,0.17905193567276
4,5.848463535308838,0.20207637548446655,-3.11255145072937,0.7777326107025146,0.2752428352832794,0.5651313066482544,0.5880923867225647,-0.0011058277450501919,-0.8087930083274841,0.22198957204818726,-0.961374044418335,0.16272825002670288
5,5.843629837036133,0.20534205436706543,-3.136404514312744,0.7888818979263306,0.2586487829685211,0.5574639439582825,0.5777307748794556,-0.0028876576106995344,-0.8162223100662231,0.209505096077919,-0.9659671187400818,0.15170738101005554
6,5.8387956619262695,0.20830056071281433,-3.1632800102233887,0.797808825969696,0.24902422726154327,0.5490792393684387,0.5682388544082642,-0.006189658306539059,-0.8228403925895691,0.20150858163833618,-0.9684774279594421,0.1464434117078781
7,5.832327365875244,0.2117632031440735,-3.1903040409088135,0.8021336793899536,0.24772609770298004,0.5433353185653687,0.5624199509620667,-0.00765986368060112,-0.826816201210022,0.2006620615720749,-0.9687998294830322,0.14547035098075867
8,5.826879978179932,0.21533724665641785,-3.2196123600006104,0.8049722909927368,0.25344380736351013,0.5364567041397095,0.5563933253288269,-0.008492859080433846,-0.83087557554245,0.20602424442768097,-0.9673128128051758,0.14785094559192657
9,5.820878505706787,0.22018909454345703,-3.2463881969451904,0.8088496923446655,0.2550453543663025,0.5298245549201965,0.5491390824317932,-0.005448809824883938,-0.8357131481170654,0.2102578580379486,-0.9669137001037598,0.14446264505386353
10,5.81675910949707,0.22478489577770233,-3.271399736404419,0.8124566078186035,0.24462009966373444,0.5292212963104248,0.5449859499931335,0.0038467736449092627,-0.8384362459182739,0.2071341872215271,-0.9696113467216492,0.13018916547298431
11,5.811304569244385,0.22891390323638916,-3.2953457832336426,0.8122442960739136,0.23676268756389618,0.5331064462661743,0.5457823276519775,0.014076012186706066,-0.8378086686134338,0.20586584508419037,-0.971465528011322,0.11778774112462997
12,5.804357051849365,0.23460794985294342,-3.3187155723571777,0.8099231123924255,0.23625047504901886,0.5368521809577942,0.5489538908004761,0.017039643600583076,-0.8356789946556091,0.20657730102539062,-0.9715427756309509,0.11588980257511139
13,5.797332286834717,0.24067647755146027,-3.3403258323669434,0.81186443567276,0.23091435432434082,0.5362412929534912,0.5482357740402222,0.014343843795359135,-0.8362007737159729,0.20078250765800476,-0.9728683233261108,0.11495023965835571
14,5.7907185554504395,0.24718545377254486,-3.3605875968933105,0.8183315992355347,0.22005324065685272,0.5309521555900574,0.5426281094551086,0.008689218200743198,-0.8399283289909363,0.1894424706697464,-0.97544926404953,0.11229640245437622
15,5.782843112945557,0.25322896242141724,-3.3800742626190186,0.8237521648406982,0.2102600336074829,0.526519775390625,0.5379647016525269,0.003262544283643365,-0.8429610133171082,0.17895880341529846,-0.9776400327682495,0.1104249581694603
16,5.774337291717529,0.2589684724807739,-3.398279905319214,0.8294228911399841,0.19367675483226776,0.5239722728729248,0.5338854789733887,0.0011931306216865778,-0.8455559611320496,0.1643896847963333,-0.9810646176338196,0.10241160541772842
17,5.76559591293335,0.2649049460887909,-3.4155125617980957,0.8344237208366394,0.17510059475898743,0.522567629814148,0.530817985534668,-0.000333925592713058,-0.8474857211112976,0.14822076261043549,-0.9845504760742188,0.09322517365217209
18,5.753614902496338,0.2694838047027588,-3.435945749282837,0.8389797806739807,0.16220998764038086,0.5194233059883118,0.5272231698036194,-0.005995846353471279,-0.8497056365013123,0.13471639156341553,-0.9867380261421204,0.09055126458406448
19,5.7403244972229,0.2736264169216156,-3.457463026046753,0.8420506119728088,0.1511310487985611,0.5177937150001526,0.52545166015625,-0.012948102317750454,-0.850724995136261,0.12186651676893234,-0.9884289503097534,0.09031501412391663
20,5.725736141204834,0.2771623134613037,-3.479243278503418,0.8451523780822754,0.1388138383626938,0.5161862373352051,0.5231443047523499,-0.016593145206570625,-0.8520825505256653,0.10971570760011673,-0.9901794791221619,0.08664340525865555
21,5.708128929138184,0.28116175532341003,-3.5018060207366943,0.8469817042350769,0.12256208062171936,0.5173011422157288,0.5229043364524841,-0.01656750775873661,-0.8522303700447083,0.09588074684143066,-0.9923225045204163,0.07812061905860901
22,5.689136981964111,0.28400683403015137,-3.525804042816162,0.8480321764945984,0.11285991966724396,0.517787754535675,0.5227358341217041,-0.017533978447318077,-0.8523143529891968,0.08711325377225876,-0.9934561848640442,0.07386530935764313
23,5.667280673980713,0.2893619239330292,-3.5507309436798096,0.8487820029258728,0.11074329912662506,0.5170155763626099,0.5219565629959106,-0.019330518320202827,-0.8527529835700989,0.08444250375032425,-0.9936610460281372,0.07421058416366577
24,5.647620677947998,0.294566810131073,-3.574221611022949,0.8518779277801514,0.09635408222675323,0.5148007273674011,0.5186120271682739,-0.01797345280647278,-0.854820728302002,0.07311272621154785,-0.9951847791671753,0.06528156995773315
25,5.6304755210876465,0.29926860332489014,-3.5989701747894287,0.8546107411384583,0.08051760494709015,0.5129886865615845,0.5161051750183105,-0.022817282006144524,-0.8562213778495789,0.05723588541150093,-0.9964920282363892,0.06105545535683632
26,5.610006332397461,0.30525752902030945,-3.623809337615967,0.8524994254112244,0.08357275277376175,0.5160040259361267,0.5195692777633667,-0.027115216478705406,-0.8539979457855225,0.057379402220249176,-0.9961326718330383,0.06653754413127899
27,5.594572067260742,0.3135144114494324,-3.6478002071380615,0.8486575484275818,0.08088124543428421,0.5227223038673401,0.5260714888572693,-0.026235995814204216,-0.8500354886054993,0.05503779649734497,-0.9963784217834473,0.06481469422578812
28,5.5789875984191895,0.3205762803554535,-3.670055627822876,0.8425295352935791,0.06328385323286057,0.5349197387695312,0.5370194911956787,-0.021472476422786713,-0.843296468257904,0.041881002485752106,-0.997764527797699,0.05207586660981178
29,5.568875789642334,0.32686173915863037,-3.696937322616577,0.8430149555206299,0.05595020204782486,0.5349722504615784,0.536889910697937,-0.026902802288532257,-0.8432232141494751,0.032786253839731216,-0.9980710744857788,0.052718568593263626
30,5.554608345031738,0.3318852484226227,-3.7222840785980225,0.8453348278999329,0.055631671100854874,0.5313325524330139,0.5333300232887268,-0.02994759939610958,-0.8453770875930786,0.031117597594857216,-0.9980021715164185,0.05498579144477844
31,5.542612075805664,0.3353925049304962,-3.7474703788757324,0.8484236001968384,0.057782676070928574,0.5261545181274414,0.5282902717590332,-0.030531087890267372,-0.8485146760940552,0.03296537697315216,-0.9978622198104858,0.05642932280898094
32,5.530930519104004,0.3390220105648041,-3.7740354537963867,0.8509599566459656,0.04486454278230667,0.523311197757721,0.5246490836143494,-0.025724541395902634,-0.8509299159049988,0.0247146375477314,-0.9986618757247925,0.04542868584394455
33,5.521152019500732,0.34103190898895264,-3.803495407104492,0.8583356738090515,0.03829115256667137,0.51165771484375,0.5128252506256104,-0.032083574682474136,-0.857893168926239,0.01643390767276287,-0.9987514019012451,0.047175150364637375
34,5.51066780090332,0.34381794929504395,-3.8362925052642822,0.8660097718238831,0.034882258623838425,0.4988088011741638,0.49994078278541565,-0.04187994822859764,-0.8650463223457336,0.00928468257188797,-0.9985135793685913,0.053707513958215714
35,5.50349235534668,0.3450298309326172,-3.8684027194976807,0.8715204000473022,0.024253714829683304,0.48975908756256104,0.49035775661468506,-0.045521050691604614,-0.8703315854072571,-0.0011855743359774351,-0.9986688494682312,0.05156552419066429
36,5.49739933013916,0.34662190079689026,-3.9039647579193115,0.8755792379379272,0.0009505658526904881,0.48307350277900696,0.48264217376708984,-0.044018469750881195,-0.8747106790542603,-0.020432688295841217,-0.9990302324295044,0.039000436663627625
37,5.4939351081848145,0.34831464290618896,-3.9429452419281006,0.8780501484870911,-0.019332751631736755,0.4781782031059265,0.4771103262901306,-0.04258769378066063,-0.877811074256897,-0.03733500838279724,-0.9989057183265686,0.028170280158519745
38,5.490520000457764,0.3501318097114563,-3.9852969646453857,0.8840084075927734,-0.024153059348464012,0.4668464958667755,0.46546101570129395,-0.047031305730342865,-0.8838179111480713,-0.04330331087112427,-0.9986013174057007,0.030333764851093292
39,5.487005233764648,0.3527382016181946,-4.028164386749268,0.8894559741020203,-0.027634868398308754,0.4561845362186432,0.45462608337402344,-0.04854757338762283,-0.8893582224845886,-0.04672395437955856,-0.9984384775161743,0.030617399141192436
40,5.4821343421936035,0.3566019535064697,-4.070247650146484,0.894835889339447,-0.024353286251425743,0.44573044776916504,0.444508820772171,-0.04308756813406944,-0.8947376012802124,-0.040995240211486816,-0.9987744092941284,0.02773105353116989
41,5.477627754211426,0.36066684126853943,-4.108676433563232,0.8974612951278687,-0.025431858375668526,0.4403594136238098,0.4398016035556793,-0.0247492678463459,-0.897753894329071,-0.033730123192071915,-0.9993701577186584,0.011026540771126747
42,5.47269344329834,0.3669140636920929,-4.145124912261963,0.8945526480674744,-0.03721465915441513,0.4454108774662018,0.44541841745376587,-0.008545149117708206,-0.8952818512916565,-0.03712370619177818,-0.9992707967758179,-0.008932007476687431
43,5.466562747955322,0.37407776713371277,-4.1817240715026855,0.8985048532485962,-0.03441397845745087,0.4376125931739807,0.43750494718551636,-0.011000212281942368,-0.8991488218307495,-0.03575711324810982,-0.9993472099304199,-0.005172539968043566
44,5.459319114685059,0.38089293241500854,-4.215676307678223,0.9010272026062012,-0.031867872923612595,0.4325903356075287,0.4323810935020447,-0.013545581139624119,-0.9015890955924988,-0.034591417759656906,-0.99940025806427,-0.0015741272363811731
45,5.451233863830566,0.3900705873966217,-4.246339321136475,0.9023070931434631,-0.030950523912906647,0.42998138070106506,0.4296962320804596,-0.015679657459259033,-0.9028373956680298,-0.034685250371694565,-0.9993979334831238,0.0008485438302159309
46,5.443077087402344,0.3972115218639374,-4.276363372802734,0.9061554670333862,-0.036144569516181946,0.42139729857444763,0.42112576961517334,-0.015193807892501354,-0.9068750143051147,-0.03918123245239258,-0.9992310404777527,-0.0014534565852954984
47,5.433602809906006,0.40160244703292847,-4.3029351234436035,0.9070160984992981,-0.04664578288793564,0.41850438714027405,0.41843512654304504,-0.01170984748750925,-0.9081711173057556,-0.04726297780871391,-0.9988428354263306,-0.008897213265299797
48,5.423257350921631,0.40633124113082886,-4.331862926483154,0.9058563709259033,-0.05665174126625061,0.41977939009666443,0.4200598895549774,-0.007441368885338306,-0.9074658155441284,-0.054533250629901886,-0.9983662962913513,-0.017056310549378395
49,5.413356304168701,0.41020652651786804,-4.361830234527588,0.9041186571121216,-0.06516971439123154,0.4222824275493622,0.4228466749191284,-0.005555196199566126,-0.906184196472168,-0.06140162795782089,-0.9978587627410889,-0.022534241899847984
50,5.400399208068848,0.41340261697769165,-4.392606735229492,0.9020581841468811,-0.07001969963312149,0.4258970022201538,0.42677539587020874,-0.002646286739036441,-0.9043537378311157,-0.06444963067770004,-0.9975420832633972,-0.02749558351933956
51,5.3861212730407715,0.4143717885017395,-4.4235711097717285,0.9030362963676453,-0.0777498111128807,0.4224693179130554,0.4241198003292084,0.005289967637509108,-0.9055905938148499,-0.06817466020584106,-0.99695885181427,-0.03775227069854736
52,5.371506214141846,0.41699257493019104,-4.455279350280762,0.9022825360298157,-0.08675462007522583,0.42232659459114075,0.4246924817562103,0.01000279188156128,-0.9052823185920715,-0.07431299239397049,-0.996179461479187,-0.0458693765103817
53,5.357895851135254,0.42085498571395874,-4.488818168640137,0.9025529026985168,-0.10002602636814117,0.41879943013191223,0.4220912754535675,0.01336674578487873,-0.9064548015594482,-0.08507108688354492,-0.9948950409889221,-0.05428431183099747
54,5.3415937423706055,0.42540568113327026,-4.521662712097168,0.9068487286567688,-0.10567043721675873,0.40799394249916077,0.41168004274368286,0.014801769517362118,-0.9112081527709961,-0.09024874120950699,-0.9942910075187683,-0.05692538246512413
55,5.322224140167236,0.428323894739151,-4.55586576461792,0.9175622463226318,-0.10060428082942963,0.3846534490585327,0.38731953501701355,0.007679103873670101,-0.9219135642051697,-0.08979465812444687,-0.9948968291282654,-0.04601205885410309
56,5.303280353546143,0.43496161699295044,-4.589669704437256,0.9253312349319458,-0.08715946227312088,0.3690057694911957,0.3706660270690918,0.003105759620666504,-0.9287610054016113,-0.07980427145957947,-0.9961894750595093,-0.03518090769648552
57,5.291839122772217,0.4399350881576538,-4.622033596038818,0.922600507736206,-0.09676340967416763,0.3734234869480133,0.37577009201049805,0.006594685837626457,-0.9266894459724426,-0.08720701932907104,-0.9952855706214905,-0.04244505241513252
58,5.282350540161133,0.44535893201828003,-4.653331279754639,0.9186222553253174,-0.11543217301368713,0.37790051102638245,0.3809686601161957,0.00492861308157444,-0.9245749711990356,-0.10486315935850143,-0.9933031797409058,-0.0485035702586174
59,5.273705959320068,0.4485827684402466,-4.6891913414001465,0.9199954867362976,-0.1156989112496376,0.374462366104126,0.37599384784698486,-0.009124036878347397,-0.9265772104263306,-0.11062058806419373,-0.9932423830032349,-0.03510800376534462
60,5.263688087463379,0.4517041742801666,-4.72262716293335,0.9205788373947144,-0.11354154348373413,0.37368834018707275,0.374085932970047,-0.018592938780784607,-0.9272076487541199,-0.11222454905509949,-0.9933592677116394,-0.02535802312195301
61,5.252171039581299,0.45179450511932373,-4.753961563110352,0.9185433983802795,-0.10682282596826553,0.38061395287513733,0.38059428334236145,-0.02137509360909462,-0.9244950413703918,-0.10689283162355423,-0.9940482378005981,-0.02102220430970192
62,5.243832588195801,0.45300042629241943,-4.785686492919922,0.9158754348754883,-0.10980551689863205,0.3861542344093323,0.38651129603385925,-0.018881361931562424,-0.9220914840698242,-0.10854183882474899,-0.9937738180160522,-0.025148097425699234
63,5.23799467086792,0.4536812901496887,-4.819423675537109,0.9166592955589294,-0.11103658378124237,0.38393571972846985,0.3841296434402466,-0.02050122059881687,-0.9230515360832214,-0.11036363989114761,-0.9936047792434692,-0.02385980635881424
64,5.232903957366943,0.45390379428863525,-4.85363245010376,0.9191762804985046,-0.1103178933262825,0.3780805170536041,0.37791717052459717,-0.02320040576159954,-0.9255486726760864,-0.11087620258331299,-0.9936255216598511,-0.020365754142403603
65,5.228945732116699,0.45237523317337036,-4.888454437255859,0.9237723350524902,-0.11102741956710815,0.36649349331855774,0.36645349860191345,-0.02150924690067768,-0.9301877021789551,-0.11115933954715729,-0.9935845732688904,-0.020816734060645103
66,5.2271647453308105,0.45097243785858154,-4.923426628112793,0.9250268936157227,-0.11977753043174744,0.3605254888534546,0.36167144775390625,-0.012794575653970242,-0.9322177767753601,-0.11627151072025299,-0.9927183389663696,-0.031484782695770264
67,5.225635528564453,0.448147177696228,-4.961445331573486,0.9291813969612122,-0.12248776108026505,0.34873872995376587,0.3506700098514557,-0.006126591935753822,-0.9364790916442871,-0.1168438047170639,-0.9924511313438416,-0.037260059267282486
68,5.225667476654053,0.4467979967594147,-5.000730037689209,0.933593213558197,-0.1252758800983429,0.3357226252555847,0.33852577209472656,0.0011573231313377619,-0.9409564137458801,-0.11749060451984406,-0.9921212792396545,-0.04348958283662796
69,5.225094318389893,0.44421279430389404,-5.040881156921387,0.938082754611969,-0.1293870061635971,0.32134032249450684,0.3249589204788208,0.007318543270230293,-0.9456997513771057,-0.12000951915979385,-0.9915671348571777,-0.048910871148109436
70,5.225450038909912,0.44510555267333984,-5.084036350250244,0.9446191787719727,-0.12424906343221664,0.30373817682266235,0.3073798716068268,0.010803163051605225,-0.9515255689620972,-0.11494482308626175,-0.992192268371582,-0.04839653521776199
71,5.2231974601745605,0.44480958580970764,-5.127048492431641,0.9509047269821167,-0.11474543809890747,0.28742578625679016,0.29063305258750916,0.011911087669432163,-0.9567603468894958,-0.10636034607887268,-0.9933234453201294,-0.044675130397081375
72,5.220361709594727,0.44803136587142944,-5.170762538909912,0.9559584259986877,-0.09735362976789474,0.2768862843513489,0.27948760986328125,0.01391094084829092,-0.9600486159324646,-0.0896124541759491,-0.9951527118682861,-0.04050740972161293
73,5.216217041015625,0.44952449202537537,-5.209528923034668,0.954746425151825,-0.09222886711359024,0.28275981545448303,0.2858007848262787,0.02134805917739868,-0.958051323890686,-0.08232361078262329,-0.9955089688301086,-0.0467410683631897
74,5.213746547698975,0.4526304602622986,-5.248669624328613,0.9540653228759766,-0.09035008400678635,0.2856502830982208,0.28848761320114136,0.019801583141088486,-0.9572787880897522,-0.08083389699459076,-0.9957131743431091,-0.044956889003515244
75,5.211217403411865,0.4548666179180145,-5.289282321929932,0.9573304057121277,-0.07642978429794312,0.27870598435401917,0.2799411416053772,0.005736004561185837,-0.9600000381469727,-0.0717739462852478,-0.9970584511756897,-0.026887094601988792
76,5.206672191619873,0.45718491077423096,-5.324817657470703,0.95915287733078,-0.06649844348430634,0.2749612629413605,0.27550575137138367,-0.0010199983371421695,-0.961298942565918,-0.0642053410410881,-0.9977859854698181,-0.01734236814081669
77,5.20136833190918,0.45739617943763733,-5.3560943603515625,0.959133505821228,-0.06491228938102722,0.2754075825214386,0.27629315853118896,0.004907818045467138,-0.9610608220100403,-0.061033014208078384,-0.9978788495063782,-0.022642074152827263
78,5.195649147033691,0.4576323926448822,-5.386903285980225,0.9593961834907532,-0.06394100189208984,0.2747190296649933,0.2761576771736145,0.014695526100695133,-0.9609999656677246,-0.05741015449166298,-0.997845470905304,-0.03175663203001022
79,5.192458629608154,0.45649048686027527,-5.420210361480713,0.960206151008606,-0.06734730303287506,0.2710506021976471,0.2727777361869812,0.017754483968019485,-0.9619132280349731,-0.05996990203857422,-0.9975716471672058,-0.035418808460235596
80,5.185477256774902,0.4548235833644867,-5.452455520629883,0.9622564315795898,-0.0657811164855957,0.2640749216079712,0.2657419741153717,0.0178734939545393,-0.9638785123825073,-0.0586850643157959,-0.9976739287376404,-0.03467968851327896
81,5.176511764526367,0.45042234659194946,-5.484657287597656,0.9630485773086548,-0.06416596472263336,0.2615727186203003,0.2632741332054138,0.01952318660914898,-0.9645234942436218,-0.05678285285830498,-0.9977482557296753,-0.03569501265883446
82,5.1661906242370605,0.44763267040252686,-5.515684604644775,0.9634182453155518,-0.061013270169496536,0.2609650492668152,0.2629489004611969,0.026989158242940903,-0.9644322395324707,-0.05179993435740471,-0.9977719783782959,-0.042045220732688904
83,5.157171726226807,0.44481077790260315,-5.548465728759766,0.9643464684486389,-0.06486526131629944,0.2565707564353943,0.2592388391494751,0.03661022707819939,-0.9651192426681519,-0.053209587931632996,-0.9972222447395325,-0.05212053656578064
84,5.145153045654297,0.4444024860858917,-5.581145763397217,0.9667394757270813,-0.06429541856050491,0.24754993617534637,0.25030776858329773,0.03899817541241646,-0.9673806428909302,-0.05254415050148964,-0.9971686601638794,-0.05379472300410271
85,5.134562969207764,0.4448869526386261,-5.614304065704346,0.9685689210891724,-0.06343569606542587,0.24052071571350098,0.2433641254901886,0.04162299633026123,-0.9690415263175964,-0.0514606349170208,-0.9971175789833069,-0.0557527095079422
86,5.123105049133301,0.44789615273475647,-5.646609783172607,0.9710929989814758,-0.060518454760313034,0.23090246319770813,0.23347540199756622,0.03950457647442818,-0.9715598821640015,-0.049675602465867996,-0.9973850250244141,-0.05249219015240669
87,5.114602565765381,0.451244592666626,-5.680068492889404,0.9751824140548706,-0.05028834566473961,0.2156161516904831,0.21720066666603088,0.028454655781388283,-0.9757121205329895,-0.04293166473507881,-0.9983292818069458,-0.03867114335298538
88,5.107568740844727,0.45699524879455566,-5.710591793060303,0.9772650599479675,-0.04186704009771347,0.20784670114517212,0.20882926881313324,0.02060164511203766,-0.9777351021766663,-0.03665288910269737,-0.9989107251167297,-0.02887633442878723
89,5.106808185577393,0.46052494645118713,-5.738723278045654,0.9757091403007507,-0.06207020580768585,0.21009290218353271,0.21185632050037384,0.023270148783922195,-0.9770237803459167,-0.05575517192482948,-0.9978004693984985,-0.03585485368967056
90,5.108428001403809,0.46380341053009033,-5.768983840942383,0.9780963659286499,-0.0729435533285141,0.19495341181755066,0.19669482111930847,0.017434870824217796,-0.9803097248077393,-0.06810829043388367,-0.9971836805343628,-0.03140060231089592
91,5.111730098724365,0.4649621546268463,-5.799021244049072,0.9809831976890564,-0.06725388020277023,0.18206839263439178,0.18320171535015106,0.011034988798201084,-0.9830135107040405,-0.06410233676433563,-0.997674822807312,-0.023146167397499084
92,5.114060401916504,0.46531084179878235,-5.829826831817627,0.9808899164199829,-0.06920143961906433,0.18184110522270203,0.18310491740703583,0.012326488271355629,-0.9830160737037659,-0.06578467041254044,-0.9975265264511108,-0.024762051180005074
93,5.116916179656982,0.461494117975235,-5.861856937408447,0.9812037944793701,-0.07120462507009506,0.1793573647737503,0.18044838309288025,0.009144949726760387,-0.9835419058799744,-0.06839252263307571,-0.9974198341369629,-0.021821821108460426
94,5.1220383644104,0.45793071389198303,-5.897502422332764,0.9826663732528687,-0.06827489286661148,0.17235253751277924,0.17283982038497925,0.0012508259387686849,-0.9849492311477661,-0.06703171133995056,-0.9976657629013062,-0.013029766269028187
95,5.130026340484619,0.4519613981246948,-5.935419082641602,0.9851412177085876,-0.06315102428197861,0.15971457958221436,0.159759059548378,-0.004377041012048721,-0.9871463179588318,-0.06303837895393372,-0.9979943633079529,-0.005776945501565933
96,5.137876033782959,0.44694122672080994,-5.972972869873047,0.986595094203949,-0.057699792087078094,0.1526464819908142,0.15265031158924103,-0.004366985522210598,-0.98827064037323,-0.0576896145939827,-0.998324453830719,-0.004499445669353008
97,5.145813465118408,0.4407757520675659,-6.011913776397705,0.9885252118110657,-0.04574059322476387,0.14396455883979797,0.14389309287071228,-0.004868717864155769,-0.9895812273025513,-0.045964956283569336,-0.9989414811134338,-0.0017689046217128634
98,5.155932903289795,0.43539392948150635,-6.0513410568237305,0.9912253618240356,-0.0249643512070179,0.12980422377586365,0.12963879108428955,-0.008142268285155296,-0.9915279150009155,-0.025809749960899353,-0.9996551275253296,0.00483447453007102
99,5.168613910675049,0.43032675981521606,-6.090088844299316,0.9921258091926575,-0.00695860106498003,0.125051811337471,0.1250038892030716,-0.006944027729332447,-0.9921319484710693,-0.007772214710712433,-0.9999517202377319,0.0060194977559149265
100,5.178272247314453,0.42694205045700073,-6.128533363342285,0.9936453104019165,0.02803788334131241,0.1090092584490776,0.1093643307685852,-0.011454985477030277,-0.993935763835907,0.02661915309727192,-0.9995412230491638,0.014448536559939384
101,5.189305782318115,0.425167441368103,-6.162780284881592,0.9933122396469116,0.039596494287252426,0.10845693945884705,0.10864637047052383,-0.002657658187672496,-0.9940769076347351,0.03907372057437897,-0.9992122054100037,0.006941899657249451
102,5.199286937713623,0.42441627383232117,-6.195183277130127,0.9929214715957642,0.0460420586168766,0.10948535799980164,0.10937648266553879,0.004884779453277588,-0.9939883947372437,0.04630008339881897,-0.9989275336265564,0.00018571621330920607
103,5.2066826820373535,0.4236183166503906,-6.225862503051758,0.9927039742469788,0.05698276683688164,0.10626228898763657,0.10635405033826828,0.001428676419891417,-0.9943273067474365,0.05681133642792702,-0.9983741641044617,0.004642094485461712
104,5.211850643157959,0.4223487377166748,-6.256579875946045,0.9924154877662659,0.06765446066856384,0.10263724625110626,0.10296829044818878,-0.0014152354560792446,-0.9946836233139038,0.06714952737092972,-0.9977077841758728,0.008370768278837204
105,5.214493274688721,0.41969627141952515,-6.287084102630615,0.9920439124107361,0.0764928087592125,0.09998886287212372,0.10043110698461533,-0.0019471978303045034,-0.9949421286582947,0.07591121643781662,-0.9970682263374329,0.009613962844014168
106,5.215433120727539,0.4153190553188324,-6.316227912902832,0.9921160340309143,0.08424472063779831,0.09278310835361481,0.09298812597990036,0.0014959224499762058,-0.9956661462783813,0.08401840925216675,-0.9964439868927002,0.006349627859890461
107,5.212801933288574,0.40640947222709656,-6.355459213256836,0.9917961955070496,0.09233344346284866,0.08840291202068329,0.08827093243598938,0.005520299542695284,-0.9960813522338867,0.09245961904525757,-0.99571293592453,0.0026753477286547422
108,5.207546234130859,0.399689644575119,-6.386711597442627,0.9911457300186157,0.10424815118312836,0.08223320543766022,0.08248112350702286,0.0019379355944693089,-0.9965907335281372,0.1040521040558815,-0.9945493936538696,0.006677728146314621
109,5.200708866119385,0.39186331629753113,-6.417909145355225,0.9907405376434326,0.11328379064798355,0.07483282685279846,0.07530567795038223,0.0001055126849678345,-0.9971604347229004,0.1129700243473053,-0.993562638759613,0.00842637661844492
110,5.191487789154053,0.38167673349380493,-6.449443340301514,0.989695131778717,0.12530772387981415,0.06929255276918411,0.06950094550848007,0.002713146386668086,-0.9975782036781311,0.12519225478172302,-0.9921141862869263,0.006023816764354706
111,5.181677341461182,0.3720371723175049,-6.48094367980957,0.9889408349990845,0.1343531310558319,0.06280996650457382,0.06184231489896774,0.011367675848305225,-0.998021125793457,0.13480128347873688,-0.9908682703971863,-0.0029332514386624098
112,5.171433925628662,0.36325475573539734,-6.513926029205322,0.9880642890930176,0.1419639140367508,0.059794966131448746,0.05739250034093857,0.020961511880159378,-0.9981316328048706,0.1429520547389984,-0.9896499514579773,-0.012563656084239483
113,5.158660411834717,0.35672441124916077,-6.546480178833008,0.9862818121910095,0.1579684317111969,0.04789695888757706,0.04461754485964775,0.024243421852588654,-0.9987099766731262,0.1589258313179016,-0.9871464967727661,-0.01686268486082554
114,5.146293640136719,0.3507024943828583,-6.576720714569092,0.9845073819160461,0.17167873680591583,0.03566201776266098,0.030525729060173035,0.032466404139995575,-0.9990065097808838,0.17266599833965302,-0.9846178889274597,-0.02672279253602028
115,5.132787227630615,0.3466048240661621,-6.606715679168701,0.9811076521873474,0.19234921038150787,0.02072896994650364,0.014042899943888187,0.036058634519577026,-0.9992510080337524,0.19295260310173035,-0.9806638360023499,-0.03267625719308853
116,5.121439456939697,0.34287938475608826,-6.63482666015625,0.9778826236724854,0.20842909812927246,0.017403284087777138,0.008376345969736576,0.04411405324935913,-0.9989913105964661,0.20898659527301788,-0.9770420789718628,-0.0413924902677536
117,5.112831115722656,0.3408362567424774,-6.663304328918457,0.9771746397018433,0.21127279102802277,0.022215282544493675,0.010869224555790424,0.054713886231184006,-0.9984429478645325,0.21215929090976715,-0.975894570350647,-0.05116865411400795
118,5.104905605316162,0.3374822437763214,-6.6933488845825195,0.9758570194244385,0.21730883419513702,0.02190425805747509,0.00997552927583456,0.0558389388024807,-0.9983898401260376,0.2181820571422577,-0.9745043516159058,-0.05232305824756622
119,5.096617698669434,0.33490270376205444,-6.724969863891602,0.9720898270606995,0.23414869606494904,0.014693486504256725,0.005077242851257324,0.04161897301673889,-0.9991207122802734,0.23455433547496796,-0.9713096022605896,-0.039268556982278824
120,5.09207820892334,0.3317139446735382,-6.75431489944458,0.9702230095863342,0.24187800288200378,0.01274165604263544,0.004242312628775835,0.03562730923295021,-0.9993560910224915,0.24217620491981506,-0.9696524143218994,-0.03354031220078468
121,5.08885383605957,0.32819995284080505,-6.7845892906188965,0.9692808389663696,0.2457979917526245,0.008825862780213356,0.0014223947655409575,0.030281376093626022,-0.999540388584137,0.24595226347446442,-0.9688479900360107,-0.029001537710428238
122,5.088472366333008,0.3241305351257324,-6.816964149475098,0.9690794348716736,0.24670664966106415,0.004583451896905899,-0.0013577118515968323,0.02390637807548046,-0.9997133016586304,0.24674548208713531,-0.9687952995300293,-0.023502133786678314
123,5.087550163269043,0.3192707300186157,-6.851699352264404,0.9669641256332397,0.2548547387123108,-0.005425337702035904,-0.008541152812540531,0.011120796203613281,-0.9999016523361206,0.25476935505867004,-0.9669153690338135,-0.01293016504496336
124,5.088920593261719,0.312734991312027,-6.88720178604126,0.9659807682037354,0.25822919607162476,-0.01411046925932169,-0.015484379604458809,0.0032874224707484245,-0.9998748302459717,0.2581504285335541,-0.9660781621932983,-0.007174103055149317
125,5.090834617614746,0.3058330714702606,-6.924411296844482,0.9640658497810364,0.2644866406917572,-0.024984126910567284,-0.025614537298679352,-0.001065492513589561,-0.9996713995933533,0.2644263505935669,-0.9643888473510742,-0.005747498944401741
126,5.094491958618164,0.2990097105503082,-6.962454795837402,0.9628024101257324,0.2680646777153015,-0.0339532196521759,-0.03459654748439789,-0.002324663335457444,-0.9993986487388611,0.2679823637008667,-0.9633980989456177,-0.0070359185338020325
127,5.097862243652344,0.29234638810157776,-7.001959323883057,0.9573454260826111,0.2829834520816803,-0.058396369218826294,-0.05684053152799606,-0.013712603598833084,-0.9982891082763672,0.2833000719547272,-0.9590267539024353,-0.002957230666652322
128,5.10347318649292,0.2868790328502655,-7.03923225402832,0.9534397125244141,0.292402446269989,-0.07384759932756424,-0.07353007048368454,-0.012092198245227337,-0.9972196817398071,0.2924824357032776,-0.9562188982963562,-0.009971191175282001
129,5.108994960784912,0.2822010815143585,-7.074594497680664,0.9472622871398926,0.30891576409339905,-0.08523616939783096,-0.08888589590787888,-0.002267000498250127,-0.9960392117500305,0.30788543820381165,-0.951086699962616,-0.025310808792710304
130,5.113585472106934,0.27857616543769836,-7.10931396484375,0.9386942982673645,0.33083683252334595,-0.09695249050855637,-0.10495250672101974,0.0063573806546628475,-0.9944568276405334,0.3283866345882416,-0.9436665177345276,-0.04068979620933533
131,5.118786334991455,0.2766176760196686,-7.1440653800964355,0.9374613165855408,0.3338448107242584,-0.09855866432189941,-0.10951048880815506,0.014095786958932877,-0.9938856363296509,0.3304143249988556,-0.9425225853919983,-0.04977376013994217
132,5.121214866638184,0.2741584777832031,-7.177308559417725,0.9317087531089783,0.3472452163696289,-0.10648663341999054,-0.1152469739317894,0.0046096122823655605,-0.9933260679244995,0.344436913728714,-0.9377629160881042,-0.044313788414001465
133,5.1227707862854,0.2716749906539917,-7.208004951477051,0.929099440574646,0.3540809750556946,-0.10677532851696014,-0.11504486948251724,0.002321607433259487,-0.9933575987815857,0.3514811396598816,-0.9352118372917175,-0.0428922064602375
134,5.1223249435424805,0.2690185606479645,-7.2373480796813965,0.9227970838546753,0.3700394332408905,-0.10731445252895355,-0.11432956159114838,-0.0029924206901341677,-0.9934383630752563,0.36793252825737,-0.9290112257003784,-0.03954504802823067
135,5.121383190155029,0.2659856677055359,-7.265190601348877,0.9189254641532898,0.38037803769111633,-0.10434777289628983,-0.11327248066663742,0.001085369847714901,-0.9935632944107056,0.37781643867492676,-0.9248303771018982,-0.044083740562200546
136,5.120326995849609,0.2627311646938324,-7.292036533355713,0.9190804958343506,0.3811429738998413,-0.10010600090026855,-0.1140320897102356,0.014067239128053188,-0.9933774471282959,0.3772106170654297,-0.9244090914726257,-0.05639145150780678
137,5.117040634155273,0.2580646574497223,-7.319026470184326,0.9187198877334595,0.38250553607940674,-0.0981997698545456,-0.11722623556852341,0.02669403702020645,-0.9927463531494141,0.37710967659950256,-0.9235674738883972,-0.069364033639431
138,5.111486434936523,0.25214946269989014,-7.3470001220703125,0.9202885627746582,0.3802936375141144,-0.09190065413713455,-0.11559069156646729,0.03987904265522957,-0.992496132850647,0.37377500534057617,-0.9240056276321411,-0.08065862208604813
139,5.101956844329834,0.24435822665691376,-7.376191139221191,0.9160850644111633,0.3908962905406952,-0.08937663584947586,-0.11454390734434128,0.04149717837572098,-0.9925510287284851,0.3842756748199463,-0.9194988012313843,-0.08278974145650864
140,5.091158390045166,0.2353210598230362,-7.4064741134643555,0.9139003157615662,0.3970336616039276,-0.08456068485975266,-0.11178772151470184,0.04589494690299034,-0.9926716685295105,0.39024317264556885,-0.9166557788848877,-0.08632689714431763
141,5.078871250152588,0.2258463054895401,-7.436592102050781,0.9120029211044312,0.4021235704421997,-0.08091611415147781,-0.11080514639616013,0.05158908665180206,-0.9925022721290588,0.39493417739868164,-0.9141308665275574,-0.0916067585349083
142,5.06480073928833,0.21667997539043427,-7.4677324295043945,0.9073798060417175,0.41321468353271484,-0.0769127607345581,-0.11002641916275024,0.05690832808613777,-0.9922981262207031,0.405655175447464,-0.9088537693023682,-0.09710199385881424
143,5.049603462219238,0.20905673503875732,-7.496426105499268,0.9025622010231018,0.4240087568759918,-0.07481987029314041,-0.11290831863880157,0.065391406416893,-0.9914512634277344,0.4154914915561676,-0.9032942652702332,-0.10689393430948257
144,5.033553123474121,0.20292268693447113,-7.52315616607666,0.8980745077133179,0.4338807761669159,-0.07217773795127869,-0.11747122555971146,0.07846394181251526,-0.9899716973304749,0.42386630177497864,-0.8975471258163452,-0.12143497169017792
145,5.015779495239258,0.19859011471271515,-7.547819137573242,0.8873612880706787,0.45501095056533813,-0.0745323896408081,-0.12597882747650146,0.08376545459032059,-0.9884901642799377,0.4435305893421173,-0.8865372538566589,-0.13165196776390076
146,5.00102424621582,0.19674964249134064,-7.568695068359375,0.8861808180809021,0.4582379460334778,-0.0685684084892273,-0.12998126447200775,0.10381922125816345,-0.9860661625862122,0.44473421573638916,-0.8827454447746277,-0.15156494081020355
147,4.987430572509766,0.19635294377803802,-7.587815284729004,0.8897684812545776,0.45246079564094543,-0.05992840230464935,-0.12888997793197632,0.12313467264175415,-0.9839844107627869,0.43783506751060486,-0.8832423686981201,-0.16787900030612946
148,4.974216938018799,0.19681112468242645,-7.60797119140625,0.8885636329650879,0.45380088686943054,-0.06722628325223923,-0.13439325988292694,0.11738542467355728,-0.983950674533844,0.43862637877464294,-0.8833376169204712,-0.16529221832752228
149,4.960107803344727,0.19594219326972961,-7.626663684844971,0.8830493092536926,0.4621925354003906,-0.08125229924917221,-0.14468076825141907,0.10342718660831451,-0.9840580224990845,0.4464205801486969,-0.8807274103164673,-0.1582016795873642
150,4.946602821350098,0.1944165676832199,-7.642667293548584,0.8787627816200256,0.46873560547828674,-0.08979345858097076,-0.15231825411319733,0.09714571386575699,-0.9835454821586609,0.4522997736930847,-0.8779804110527039,-0.15676502883434296
151,4.934922695159912,0.19233720004558563,-7.658660411834717,0.8787216544151306,0.46672123670578003,-0.10009746998548508,-0.16153407096862793,0.09342674165964127,-0.9824347496032715,0.44917142391204834,-0.8794558644294739,-0.15748748183250427
152,4.925421237945557,0.1907607614994049,-7.673040866851807,0.8806824684143066,0.46233949065208435,-0.10315318405628204,-0.16367840766906738,0.09265153855085373,-0.9821532368659973,0.4445309340953827,-0.8818490505218506,-0.1572715789079666
153,4.9146647453308105,0.18854308128356934,-7.689291954040527,0.8759049773216248,0.4687648415565491,-0.11423653364181519,-0.16917525231838226,0.07665369659662247,-0.9826006293296814,0.4518519639968872,-0.8799907565116882,-0.14644476771354675
154,4.905424118041992,0.18591079115867615,-7.70435094833374,0.873269259929657,0.471082478761673,-0.12442736327648163,-0.17299944162368774,0.06104981154203415,-0.983027994632721,0.45549097657203674,-0.8799739480018616,-0.1348099261522293
155,4.89792537689209,0.1844111680984497,-7.7174201011657715,0.8785474300384521,0.46271926164627075,-0.11851287633180618,-0.1664944589138031,0.0641031488776207,-0.9839564561843872,0.44769856333732605,-0.8841841816902161,-0.13335785269737244
156,4.891051769256592,0.18410608172416687,-7.7291483879089355,0.8826030492782593,0.4537782371044159,-0.12287067621946335,-0.16886648535728455,0.06209314987063408,-0.9836811423301697,0.4387436509132385,-0.8889486789703369,-0.13143153488636017
157,4.884799003601074,0.18386588990688324,-7.739039421081543,0.885840117931366,0.44906413555145264,-0.11674176901578903,-0.16376416385173798,0.0671854242682457,-0.9842090606689453,0.43412962555885315,-0.89096999168396,-0.1330561488866806
158,4.879425525665283,0.18412527441978455,-7.7470855712890625,0.8840156197547913,0.44951117038726807,-0.12828125059604645,-0.17427034676074982,0.06227273866534233,-0.9827268123626709,0.4337581992149353,-0.8911014199256897,-0.1333865374326706
159,4.876884937286377,0.18582768738269806,-7.752387523651123,0.8849105834960938,0.44679221510887146,-0.13156694173812866,-0.17859748005867004,0.0646175816655159,-0.9817980527877808,0.43015819787979126,-0.892301082611084,-0.13697676360607147
160,4.876485347747803,0.18761979043483734,-7.755733966827393,0.8877077102661133,0.4393012225627899,-0.13780257105827332,-0.18747681379318237,0.07153365761041641,-0.9796607494354248,0.42050865292549133,-0.8954872488975525,-0.1458597630262375
161,4.877841949462891,0.18908719718456268,-7.757739067077637,0.8886989951133728,0.4323057234287262,-0.15272845327854156,-0.20377084612846375,0.07400965690612793,-0.9762172102928162,0.4107208847999573,-0.8986847996711731,-0.15386360883712769
162,4.881031036376953,0.19006001949310303,-7.757354259490967,0.8909826874732971,0.4230162799358368,-0.16494549810886383,-0.2176288366317749,0.0790523812174797,-0.9728248715400696,0.39848145842552185,-0.9026671051979065,-0.16249485313892365
163,4.884697437286377,0.19037260115146637,-7.755987644195557,0.8904538154602051,0.4183729588985443,-0.17904208600521088,-0.23177868127822876,0.0783698782324791,-0.9696065187454224,0.39162564277648926,-0.9048879742622375,-0.16675469279289246
164,4.888338088989258,0.19036300480365753,-7.752808570861816,0.8878409266471863,0.4176608920097351,-0.19312642514705658,-0.24526800215244293,0.0744241327047348,-0.9665943384170532,0.38933542370796204,-0.9055497646331787,-0.1685156524181366
165,4.893407821655273,0.19057625532150269,-7.7479071617126465,0.8878692388534546,0.41443756222724915,-0.19982412457466125,-0.25158318877220154,0.07368383556604385,-0.9650266170501709,0.3852195143699646,-0.9070899486541748,-0.1696871519088745
